/**
 * Clase donde se encuentra el main.
 * @author Gaitan Sandra
 */
public class Main {

    /*
     * Matriz que contiene las distancias de algunas ciudades de M&eacute;xico.
     * 
     */
    static final double[][] ciudadesMexico = {{0,0,0,0,0,0,0,0,0,0,0,0,0,0,0,0,0,0,0,0,0,0,0,0,0,0,0,0,0,0,0,0,0,0,0,0,0,0,0,0,0,0,0,0,0,0,0,0,0,0,0,0},
        {0,0,908,1513,2007,1193,2258,1197,678,306,9651,1703,117,1882,1310,3350,889,760,2348,4701,782,697,1370,1431,1690,3050,395,697,1328,2625,1552,828,490,1681,481,606,1397,659,1244,810,881,1109,1154,3237,513,461,1407,967,760,1126,684,1000},
        {0,908,0,1668,2162,1782,1389,515,448,602,970,1858,791,1013,441,2709,246,181,1707,4060,127,546,928,750,1845,2409,513,316,600,1984,824,983,540,948,636,302,826,1254,511,171,572,1670,460,2556,631,497,538,1528,915,1281,835,131},
        {0,1513,1668,0,494,721,3020,1578,1899,1207,2417,424,1396,2642,2070,4116,1697,1520,3114,5467,1542,1997,1842,2197,177,3816,1155,1457,1869,3391,2093,996,1219,2301,1032,1366,1858,862,1958,1570,1343,885,1911,4003,1065,1221,2167,652,879,387,981,1760},
        {0,2007,2162,494,0,1215,3512,2072,2393,1701,2911,388,1890,3136,2564,4610,2191,2014,3608,5961,2036,2491,2336,2891,317,4310,1649,1951,2363,2885,2587,1490,1713,2795,1526,1860,2352,1356,2452,2064,1837,1376,2405,4497,1559,1715,2661,1146,1373,881,1475,2254},
        {0,1193,1782,721,1215,0,3132,1666,2013,1293,2531,839,1310,2756,2184,4230,1811,1634,3228,5581,1656,1890,1930,2311,898,3930,1269,1571,1957,3505,2181,771,1305,2389,1118,1480,1946,534,2046,1658,1431,164,2025,4117,1151,1307,2281,254,967,475,1069,1874},
        {0,2258,1389,3020,3512,3132,0,1493,1780,1952,1466,3208,2141,376,1038,1425,1578,1570,769,2776,1516,1878,1530,1347,3195,1125,1863,1705,1202,620,1426,2333,1894,1422,1986,1691,1428,2604,1113,1448,1728,3020,1633,1312,1981,1808,851,2878,2265,2631,2185,1258},
        {0,1197,515,1578,2072,1666,1493,0,886,810,1373,1768,999,1117,844,2813,684,559,1811,4164,541,984,317,1153,1755,2513,721,739,291,2088,515,1094,626,729,813,552,325,1178,380,344,235,1512,898,2700,780,704,642,1370,699,1191,651,534},
        {0,678,448,1899,2393,2013,1780,886,0,833,922,2045,804,1404,832,2621,202,479,1619,3972,425,98,1319,702,2076,2321,744,504,991,1896,1215,1214,817,1339,867,579,1217,1346,902,542,943,1796,416,2508,862,678,942,1654,1123,1512,1066,522},
        {0,306,602,1207,1701,1293,1952,810,833,0,1351,1397,189,1576,1004,3050,631,454,2048,4401,476,931,1064,1131,1384,2750,89,391,1022,2325,1246,522,184,1375,175,300,1091,793,938,504,575,1246,845,2937,208,155,1101,1067,454,820,378,694},
        {0,9651,970,2417,2911,2531,1466,1373,922,1351,0,2607,1540,1191,529,1699,720,997,697,3050,943,952,1463,220,2594,1399,1262,1022,1148,974,1372,1732,1335,1355,1385,1097,1361,2003,1046,1029,1430,2419,506,1586,1380,1196,784,2277,1664,2030,1584,839},
        {0,1703,1858,424,388,839,3208,1768,2045,1397,2607,0,1586,2832,2260,4306,1887,1710,3304,5657,1732,2187,2032,2387,388,4006,1345,1647,2059,3581,2283,1186,1440,2491,1222,1556,2048,1052,2148,1760,1533,1000,2101,4193,1255,1411,2357,770,1069,577,1171,1950},
        {0,117,791,1396,1890,1310,2141,999,804,189,1540,1586,0,1765,1193,3239,820,643,2237,4590,665,814,1253,1320,1573,2939,278,580,1211,2514,1435,711,373,1564,364,489,1280,776,1127,693,764,1226,1034,3126,396,344,1290,1084,643,1009,567,883},
        {0,1882,1013,2642,3136,2756,376,1117,1404,1576,1191,2832,1765,0,662,1696,1202,1194,694,3047,1140,1502,1154,971,2819,1396,1487,1329,826,971,1050,1957,1553,1046,1610,1315,1052,2228,737,1072,1352,2644,1257,1583,1605,1432,475,2502,1889,2255,1809,882},
        {0,1310,441,2070,2564,2184,1038,844,832,1004,529,2260,1193,662,0,2228,630,622,1226,3579,568,930,934,309,2247,1928,915,757,606,1503,830,1385,981,826,1038,743,832,1656,517,500,901,2072,595,2115,1033,938,255,1930,1317,1683,1237,310},
        {0,3350,2709,4116,4610,4230,1425,2813,2621,3050,1699,4306,3239,1696,2228,0,2419,2696,1002,1351,2642,2651,2850,1919,4293,300,2961,2721,2522,933,2746,3431,3034,2745,3084,2796,2748,3702,2433,2768,3048,4118,2205,113,3079,2895,2171,3976,3363,3729,3283,2578},
        {0,889,246,1697,2191,1811,1578,684,202,631,720,1887,820,1202,630,2419,0,277,1417,3770,223,300,1117,500,1874,2119,542,302,789,1694,1013,1012,615,1137,665,377,1015,1283,700,340,741,1699,214,2306,660,476,727,1557,944,1310,864,320},
        {0,760,181,1520,2014,1634,1570,559,479,454,997,1710,643,1194,622,2696,277,0,1694,4047,54,577,774,777,1697,2396,365,180,729,1971,977,835,392,1101,488,154,884,1160,664,215,616,1522,491,2583,483,349,719,1380,767,1133,687,312},
        {0,2348,1707,3114,3608,3228,769,1811,1619,2048,697,3304,2237,694,1226,1002,1417,1694,0,2353,1640,1649,1848,917,3291,702,1959,1719,1520,277,1744,2429,2032,1743,2082,1794,1746,2700,1431,9766,2046,3116,1203,889,2077,1893,1169,2974,2361,2727,2281,1576},
        {0,4701,4060,5467,5961,5581,2776,4164,3972,4401,3050,5657,4590,3047,3579,1351,3770,4047,2353,0,3943,4002,4201,3270,5644,1651,4312,4072,3873,2284,4097,4782,4385,4096,4435,4147,4099,5053,3784,4119,4399,5469,3556,1464,4430,4246,3522,5327,4714,5080,4634,3929},
        {0,782,127,1542,2036,1656,1516,541,425,476,943,1732,665,1140,568,2642,223,54,1640,3943,0,523,756,723,1719,2342,387,202,711,1917,935,857,414,1083,510,176,712,1128,646,197,598,1544,437,2529,505,371,665,1402,789,1155,709,258},
        {0,697,546,1997,2491,1890,1878,984,98,931,952,2187,814,1502,930,2651,300,577,1649,4002,523,0,1417,732,2174,2351,842,602,1089,1926,1313,1312,915,1437,965,677,1309,1356,1000,640,1041,1806,446,2538,960,776,1027,1664,1244,1610,1164,620},
        {0,1370,928,1842,2336,1930,1530,317,1319,1064,1463,2032,1253,1154,934,2850,1117,774,1848,4201,756,1417,0,1250,2019,2550,975,954,328,2125,358,1358,890,545,1077,767,102,1442,417,559,499,1776,1331,2737,1044,1041,679,1634,963,1455,915,797},
        {0,1431,750,2197,2891,2311,1347,1153,702,1131,220,2387,1320,971,309,1919,500,777,917,3270,723,732,1250,0,2374,1619,1042,802,928,1194,1152,1512,1115,1135,1165,877,1141,1783,826,809,1210,2199,289,1806,1160,976,564,2054,1444,1810,1364,619},
        {0,1690,1845,177,317,898,3195,1755,2076,1384,2594,388,1573,2819,2247,4293,1874,1697,3291,5644,1719,2174,2019,2374,0,3993,1332,1634,2046,3568,2270,1173,1396,2478,1209,1543,2035,1039,2181,1747,1520,1062,2088,4180,1242,1398,2344,829,1056,564,1158,1937},
        {0,3050,2409,3816,4310,3930,1125,2513,2321,2750,1399,4006,2939,1396,1928,300,2119,2396,702,1651,2342,2351,2550,1619,3993,0,2661,2421,2222,633,2446,2731,2734,2442,2784,2496,2448,3402,2133,2468,2748,3818,1905,187,2779,2595,1871,3676,3063,3429,2983,2278},
        {0,395,513,1155,1649,1269,1863,721,744,89,1262,1345,278,1487,915,2961,542,365,1959,4312,387,842,975,1042,1332,2661,0,302,933,2236,1157,470,95,1286,123,211,1002,741,849,415,486,1157,756,2848,118,66,1012,1015,402,768,322,605},
        {0,697,316,1457,1951,1571,1705,739,504,391,1022,1647,580,1329,757,2721,302,180,1719,4072,202,602,954,802,1634,2421,302,0,913,1996,1137,772,397,1283,425,192,1064,1043,844,395,796,1459,516,2608,420,236,854,1317,704,1070,624,447},
        {0,1328,600,1869,2363,1957,1202,291,991,1022,1148,2059,1211,826,606,2522,789,729,1520,3873,711,1089,328,928,2046,2222,933,913,0,1797,224,1403,960,438,1056,722,226,1469,89,514,526,1803,1003,2409,1051,898,351,1661,990,1482,942,469},
        {0,2625,1984,3391,2885,3505,620,2088,1896,2325,974,3581,2514,971,1503,933,1694,1971,277,2284,1917,1926,2125,1194,3568,633,2236,1996,1797,0,2021,2706,2309,2017,2359,2071,2023,2977,1708,2043,2323,3933,1480,820,2354,2170,1446,3251,2638,3004,2558,1853},
        {0,1552,824,2093,2587,2181,1426,515,1215,1246,1372,2283,1435,1050,830,2746,1013,977,1744,4097,935,1313,358,1152,2270,2446,1157,1137,224,2021,0,1627,1184,187,1280,946,256,1693,313,738,750,2027,1227,2633,1275,1122,575,1885,1214,1706,1166,693},
        {0,828,983,996,1490,771,2333,1094,1214,522,1732,1186,711,1957,1385,3431,1012,835,2429,4782,857,1312,1358,1512,1173,2731,470,772,1403,2706,1627,0,534,1756,317,681,1440,271,1314,885,859,687,1226,3318,380,536,1482,545,395,609,380,1075},
        {0,490,540,1219,1713,1305,1894,626,817,184,1335,1440,373,1553,981,3034,615,392,2032,4385,414,915,890,1115,1396,2734,95,397,960,2309,1184,534,0,1313,187,238,907,805,895,446,391,1221,829,2875,154,161,1043,1079,466,832,358,636},
        {0,1681,948,2301,2795,2389,1422,729,1339,1375,1355,2491,1564,1046,826,2745,1137,1101,1743,4096,1083,1437,545,1135,2478,2442,1286,1283,438,2017,187,1756,1313,0,1409,1094,443,2027,437,886,958,2235,1351,2629,1376,1289,571,2187,1422,1914,1374,817},
        {0,481,636,1032,1526,1118,1986,813,867,175,1385,1222,364,1610,1038,3084,665,488,2082,4435,510,965,1077,1165,1209,2784,123,425,1056,2359,1280,317,187,1409,0,334,1093,618,972,538,578,1034,879,2971,33,189,1135,892,279,645,203,728},
        {0,606,302,1366,1860,1480,1691,552,579,300,1097,1556,489,1315,743,2796,377,154,1794,4147,176,677,767,877,1543,2496,211,192,722,2071,946,681,238,1094,334,0,877,952,657,208,609,1368,591,2637,329,195,805,1226,613,979,533,433},
        {0,1397,826,1858,2352,1946,1428,325,1217,1091,1361,2048,1280,1052,832,2748,1015,884,1746,4099,712,1309,102,1141,2035,2448,1002,1064,226,2023,256,1440,907,443,1093,877,0,1458,315,669,515,1792,1229,2635,1060,1029,577,1650,979,1471,931,695},
        {0,659,1254,862,1356,534,2604,1178,1346,793,2003,1052,776,2228,1656,3702,1283,1160,2700,5053,1128,1356,1442,1783,1039,3402,741,1043,1469,2977,1693,271,805,2027,618,952,1458,0,1590,1156,943,450,1497,3589,651,809,1753,308,479,475,581,1346},
        {0,1244,511,1958,2452,2046,1113,380,902,938,1046,2148,1127,737,517,2433,700,664,1431,3784,646,1000,417,826,2181,2133,849,844,89,1708,313,1314,895,437,972,657,315,1590,0,449,615,1892,914,2320,967,852,262,1750,1079,1571,1031,380},
        {0,810,171,1570,2064,1658,1448,344,542,504,1029,1760,693,1072,500,2768,340,215,9766,4119,197,640,559,809,1747,2468,415,395,514,2043,738,885,446,886,538,208,669,1156,449,0,401,1572,554,2615,533,360,597,1430,817,1183,737,190},
        {0,881,572,1343,1837,1431,1728,235,943,575,1430,1533,764,1352,901,3048,741,616,2046,4399,598,1041,499,1210,1520,2748,486,796,526,2323,750,859,391,958,578,609,515,943,615,401,0,1277,955,2935,545,552,877,1135,464,956,416,591},
        {0,1109,1670,885,1376,164,3020,1512,1796,1246,2419,1000,1226,2644,2072,4118,1699,1522,3116,5469,1544,1806,1776,2199,1062,3818,1157,1459,1803,3933,2027,687,1221,2235,1034,1368,1792,450,1892,1572,1277,0,1913,4005,1067,1223,2169,412,813,636,915,1762},
        {0,1154,460,1911,2405,2025,1633,898,416,845,506,2101,1034,1257,595,2205,214,491,1203,3556,437,446,1331,289,2088,1905,756,516,1003,1480,1227,1226,829,1351,879,591,1229,1497,914,554,955,1913,0,2092,874,690,850,1771,1158,1524,1078,534},
        {0,3237,2556,4003,4497,4117,1312,2700,2508,2937,1586,4193,3126,1583,2115,113,2306,2583,889,1464,2529,2538,2737,1806,4180,187,2848,2608,2409,820,2633,3318,2875,2629,2971,2637,2635,3589,2320,2615,2935,4005,2092,0,2966,2782,2058,3863,3250,3616,3170,2425},
        {0,513,631,1065,1559,1151,1981,780,862,208,1380,1255,396,1605,1033,3079,660,483,2077,4430,505,960,1044,1160,1242,2779,118,420,1051,2354,1275,380,154,1376,33,329,1060,651,967,533,545,1067,874,2966,0,184,1130,925,306,678,204,723},
        {0,461,497,1221,1715,1307,1808,704,678,155,1196,1411,344,1432,938,2895,476,349,1893,4246,371,776,1041,976,1398,2595,66,236,898,2170,1122,536,161,1289,189,195,1029,809,852,360,552,1223,690,2782,184,0,957,1081,468,834,388,550},
        {0,1407,538,2167,2661,2281,851,642,942,1101,784,2357,1290,475,255,2171,727,719,1169,3522,665,1027,679,564,2344,1871,1012,854,351,1446,575,1482,1043,571,1135,805,577,1753,262,597,877,2169,850,2058,1130,957,0,2027,1414,1780,1334,407},
        {0,967,1528,652,1146,254,2878,1370,1654,1067,2277,770,1084,2502,1930,3976,1557,1380,2974,5327,1402,1664,1634,2054,829,3676,1015,1317,1661,3251,1885,545,1079,2187,89,2,1226,1650,308,1750,1430,1135,412,1771,3863,925,1081,0,671,284,773,1620},
        {0,760,915,879,1373,967,2265,699,1123,454,1664,1069,643,1889,1317,3363,944,767,2361,4714,789,1244,963,1444,1056,3063,402,704,990,2638,1214,395,466,1422,279,613,979,479,1079,817,464,813,1158,3250,306,468,1414,671,0,492,102,1007},
        {0,1126,1281,387,881,475,2631,1191,1512,820,2030,577,1009,2255,1683,3729,1310,1133,2727,5080,1155,1610,1455,1810,564,3429,768,1070,1482,3004,1706,609,832,1914,645,979,1471,475,1571,1183,956,636,1524,3616,678,834,1780,284,492,0,594,1373},
        {0,684,835,981,1475,1069,2185,651,1066,378,1584,1171,567,1809,1237,3283,864,687,2281,4634,709,1164,915,1364,1158,2983,322,624,942,2558,1166,380,358,1374,203,533,931,581,1031,737,416,915,1078,3170,204,388,1334,773,102,594,0,927},
        {0,1000,131,1760,2254,1874,1258,534,522,694,839,1950,883,882,310,2578,320,312,1576,3929,258,620,797,619,1937,2278,605,447,469,1853,693,1075,636,817,728,433,695,1346,380,190,591,1762,534,2425,723,550,407,1620,1007,1373,927,0}};


    /**
     * @param args the command line arguments
     */
    public static void main(String[] args) {
        /*
         * Probamos con 51 ciudades, una poblacion inicial de 15 ciudades y 5 padres elegidos.
         */
        ProcesoEvolutivo evolucion = new ProcesoEvolutivo(Main.ciudadesMexico, 15, 5);
        
        /*
         * Las veces que queremos que se itere se le debe de pasar al metodo evolucionar.
         * En este caso 3 veces
         */
        evolucion.evolucionar(3);
        
       
   }
}
